2394
2395
2396
2397
2399
2400
2402
2403
2408
2409
2410
2411
2414
2415
2416
2419
2420
2423
2424
2432
2433
2436
2446
2447
2449
2450
2451
2452
2455
2456
2457
2458
2459
2460
2463
2464
2469
2471
2474
2475
2477
2478
2483
2484
2485
2486
2487
2498
2499
2504
2505
2520
2521
2522
2525
2526
2527
2528
2529
2533
2534
2537
2538
2546
2548
2549
2550
2554
2561
2562
2565
2566
2574
2575
2593
2594
2597
2598
2621
2622
2623
2624
2627
2628
2629
2630
2633
2634
2635
2637
2638
2639
2640
2643
2644
2645
2646
2647
2651
2652
2655
2656
2664
2666
2670
2671
2673
2674
2679
2680
2681
2682
2683
2694
2695
2700
2701
2715
2717
2719
2720
2721
2722
2723
2724
2728
2729
2730
2731
2732
2736
2737
2738
2739
2743
2744
2745
2749
2750
2754
2812
2813
2814
2817
2818
2819
2820
2821
2825
2826
2829
2830
2838
2839
2840
2841
2842
2846
2847
2850
2851
2852
2856
2857
2861
2871
2872
2875
2876
2884
2885
2903
2904
2905
2906
2907
2911
2912
2913
2914
2918
2919
2920
2924
2925
2929
2939
2940
2943
2944
2952
2953
2954
2958
2959
2963
2973
2974
2978
2988
3008
3009
3012
3013
3021
3022
3040
3041
3045
3078
3079
3081
3082
3084
3085
3090
3091
3092
3093
3096
3097
3098
3101
3102
3105
3106
3114
3115
3118
3128
3129
3131
3132
3143
3144
3145
3146
3164
3165
3167
3168
3173
3174
3175
3176
3177
3188
3189
3194
3195
3209
3210
3211
3212
3213
3218
3219
3224
3225
3226
3230
3231
3235
3273
3274
3279
3280
3294
3295
3330
3331
3332
3335
3336
3337
3338
3339
3343
3344
3347
3348
3356
3357
3358
3361
3362
3365
3366
3367
3371
3372
3376
3386
3387
3390
3391
3399
3400
3418
3419
3424
3425
3426
3430
3433
3443
3456
3457
3460
3461
3469
3470
3488
3489
3493
3526
3527
3530
3531
3539
3578
3579
3581
3582
3596
3597
3598
3599
3600
3601
3633
3635
3636
3641
3642
3643
3644
3645
3656
3657
3662
3663
3677
3678
3679
3680
3681
3686
3687
3692
3693
3694
3698
3699
3703
3741
3742
3747
3748
3762
3763
3907
3910
3916
3917
3918
3919
3920
3921
3925
3926
3927
3930
3931
3932
3933
3937
3938
3939
3943
3944
3948
3958
3959
3960
3963
3964
3965
3969
3976
3977
3978
3982
3985
3995
4277
4278
4279
4280
4281
4292
4293
4298
4299
4313
4314
4315
4316
4317
4322
4323
4328
4329
4330
4334
4335
4339
4377
4378
4383
4384
4398
4399
4433
4434
4435
4436
4437
4441
4442
4443
4444
4448
4449
4450
4454
4455
4459
4476
4477
4482
4483
4497
4498
4499
4503
4504
4508
4518
4519
4523
4533
4637
4638
4643
4644
4658
4659
4693
4694
4698
4764
4765
4766
4767
4771
4772
4773
4774
4778
4779
4780
4784
4785
4789
4800
4801
4806
4807
4808
4812
4813
4817
4827
4828
4829
4833
4834
4838
4848
4849
4853
4863
4911
4912
4917
4918
4932
4933
4967
4968
4969
4973
4974
4978
4988
4989
4993
5003
5023
5024
5028
5038
5058
5303
5304
5309
5310
5324
5325
5359
5360
5364
5429
5430
5434
5582
5583
5584
5585
5586
5590
5591
5594
5595
5596
5600
5601
5605
5615
5616
5619
5620
5628
5629
5647
5648
5649
5652
5653
5654
5655
5659
5660
5661
5665
5666
5670
5680
5681
5684
5685
5693
5694
5695
5699
5700
5704
5714
5715
5719
5729
5749
5750
5753
5754
5762
5763
5781
5782
5786
5819
5821
5822
5823
5827
5834
5835
5836
5840
5843
5853
5866
5867
5870
5871
5879
5880
5898
5899
5900
5904
5905
5909
5919
5920
5924
5934
5954
5955
5959
5969
5989
6024
6025
6028
6029
6037
6038
6056
6057
6061
6094
6095
6099
6160
6161
6164
6165
6188
6189
6190
6194
6195
6199
6209
6212
6222
6242
6255
6290
6324
6325
6328
6329
6337
6338
6356
6357
6361
6394
6395
6399
6460
6461
6465
6475
6570
6571
6574
6575
6583
6584
6602
6605
6722
6723
6724
6725
6726
6727
6730
6731
6736
6737
6738
6740
6741
6742
6743
6746
6747
6748
6749
6750
6754
6755
6758
6759
6767
6768
6770
6771
6773
6774
6779
6780
6781
6782
6785
6786
6787
6790
6791
6794
6795
6803
6804
6807
6817
6818
6820
6821
6832
6833
6834
6835
6854
6856
6857
6862
6863
6864
6865
6866
6877
6878
6883
6884
6898
6899
6900
6901
6902
6907
6908
6913
6914
6915
6919
6920
6924
6962
6963
6968
6969
6983
6984
7024
7025
7026
7027
7028
7032
7033
7036
7037
7045
7046
7047
7050
7051
7054
7055
7056
7060
7061
7065
7075
7076
7079
7080
7088
7089
7107
7108
7113
7114
7115
7119
7122
7132
7145
7146
7149
7150
7158
7159
7177
7178
7182
7215
7216
7219
7220
7228
7267
7268
7269
7271
7272
7273
7274
7277
7278
7279
7280
7281
7285
7286
7289
7290
7298
7299
7301
7302
7303
7304
7305
7306
7307
7311
7312
7313
7316
7317
7318
7322
7329
7330
7331
7332
7335
7336
7338
7339
7344
7345
7346
7347
7348
7349
7362
7363
7364
7365
7368
7369
7370
7371
7372
7376
7377
7380
7381
7389
7390
7391
7392
7393
7397
7398
7401
7402
7403
7407
7408
7412
7422
7423
7426
7427
7435
7436
7454
7455
7457
7458
7469
7470
7471
7472
7473
7474
7506
7508
7509
7514
7515
7516
7517
7518
7529
7530
7535
7536
7550
7551
7552
7553
7554
7559
7560
7565
7566
7567
7571
7572
7576
7614
7615
7620
7621
7635
7636
7670
7671
7672
7673
7674
7675
7688
7689
7690
7691
7703
7704
7705
7706
7707
7708
7712
7713
7714
7715
7716
7720
7721
7722
7723
7727
7728
7729
7733
7734
7738
7748
7749
7750
7751
7752
7756
7757
7758
7759
7763
7764
7765
7769
7770
7774
7784
7785
7786
7787
7791
7792
7793
7797
7798
7802
7812
7813
7814
7818
7819
7823
7833
7834
7838
7848
8054
8055
8056
8057
8058
8062
8063
8066
8067
8075
8076
8077
8078
8079
8083
8084
8087
8088
8089
8093
8094
8098
8108
8109
8112
8113
8121
8122
8140
8141
8142
8143
8144
8148
8149
8150
8151
8155
8156
8157
8161
8162
8166
8176
8177
8180
8181
8189
8190
8191
8195
8196
8200
8210
8211
8215
8225
8245
8246
8249
8250
8258
8259
8277
8278
8282
8316
8317
8318
8319
8323
8324
8325
8326
8330
8331
8332
8336
8337
8341
8351
8352
8355
8356
8357
8361
8362
8366
8376
8377
8378
8382
8383
8387
8397
8398
8402
8412
8432
8433
8436
8437
8445
8446
8464
8465
8466
8470
8471
8475
8485
8486
8490
8500
8520
8521
8525
8535
8555
8590
8591
8594
8595
8603
8604
8622
8623
8627
8660
8661
8665
8726
8727
8728
8729
8730
8731
8734
8735
8740
8742
8745
8746
8748
8749
8754
8755
8756
8757
8758
8769
8770
8775
8776
8790
8791
8792
8793
8796
8797
8798
8799
8800
8804
8805
8808
8809
8817
8819
8820
8821
8825
8832
8833
8836
8837
8845
8846
8864
8865
8868
8869
8892
8894
8898
8899
8901
8902
8907
8908
8909
8910
8911
8922
8923
8928
8929
8972
8973
8974
8975
8976
8977
8978
8982
8983
8984
8987
8988
8989
8993
9074
9076
9077
9082
9083
9084
9085
9086
9097
9098
9103
9104
9118
9119
9120
9121
9122
9127
9128
9133
9134
9135
9139
9140
9144
9182
9183
9188
9189
9203
9204
9238
9239
9240
9241
9242
9246
9247
9248
9249
9253
9254
9255
9259
9260
9264
9281
9282
9287
9288
9302
9303
9304
9308
9309
9313
9323
9324
9328
9338
9442
9443
9448
9449
9463
9464
9498
9499
9503
9574
9575
9576
9577
9578
9582
9583
9586
9587
9595
9596
9597
9598
9599
9603
9604
9607
9608
9609
9613
9614
9618
9628
9629
9632
9633
9641
9642
9660
9661
9662
9665
9666
9667
9671
9678
9679
9682
9683
9691
9692
9693
9697
9698
9702
9712
9713
9717
9727
9747
9748
9751
9752
9760
9761
9779
9780
9784
9817
9818
9821
9831
9832
9833
9837
9838
9842
9852
9859
9879
9901
9902
9905
9906
9914
9915
9933
9934
9938
9971
9972
9976
10037
10038
10041
10042
10050
10051
10069
10130
10132
10137
10139
10140
10145
10146
10147
10148
10149
10160
10161
10166
10167
10231
10233
10235
10236
10237
10238
10239
10240
10244
10245
10246
10247
10248
10252
10253
10254
10255
10259
10260
10261
10265
10266
10270
10429
10430
10431
10432
10433
10444
10445
10450
10451
10465
10466
10467
10468
10469
10474
10475
10480
10481
10482
10486
10487
10491
10529
10530
10535
10536
10550
10551
10585
10586
10587
10588
10589
10593
10594
10595
10596
10600
10601
10602
10606
10607
10611
10628
10629
10634
10635
10649
10650
10651
10655
10656
10660
10670
10671
10675
10685
10789
10790
10795
10796
10810
10811
10845
10846
10850
11276
11277
11279
11280
11300
11301
11322
11323
11324
11325
11326
11330
11331
11332
11333
11334
11338
11339
11340
11341
11345
11346
11347
11351
11352
11356
11366
11367
11368
11371
11372
11373
11377
11384
11385
11386
11387
11391
11392
11393
11397
11398
11402
11412
11413
11414
11418
11419
11423
11433
11434
11438
11448
11468
11469
11470
11473
11474
11475
11479
11486
11487
11488
11492
11495
11505
11518
11519
11520
11524
11525
11529
11539
11546
11566
12410
12411
12412
12413
12414
12419
12420
12425
12426
12427
12431
12432
12436
12474
12475
12480
12481
12495
12496
12530
12531
12532
12533
12534
12538
12539
12540
12541
12545
12546
12547
12551
12552
12556
12573
12574
12579
12580
12594
12595
12596
12600
12601
12605
12615
12616
12620
12630
12734
12735
12740
12741
12755
12756
12790
12791
12795
12861
12862
12863
12864
12868
12869
12870
12871
12875
12876
12877
12881
12882
12886
12897
12898
12903
12904
12905
12909
12910
12914
12924
12925
12926
12930
12931
12935
12945
12946
12950
12960
13008
13009
13014
13015
13029
13030
13064
13065
13066
13070
13071
13075
13085
13086
13090
13100
13120
13121
13125
13135
13155
13400
13401
13406
13407
13421
13422
13456
13457
13461
13526
13527
13531
13660
13661
13662
13663
13667
13668
13669
13673
13674
13678
13688
13689
13690
13691
13695
13696
13697
13701
13702
13706
13716
13717
13718
13722
13723
13727
13737
13738
13742
13752
13779
13780
13785
13786
13800
13801
13802
13806
13807
13811
13821
13822
13826
13836
13856
13857
13858
13862
13863
13867
13877
13878
13882
13892
13912
13913
13917
13927
13947
14066
14067
14072
14073
14087
14088
14122
14123
14127
14192
14193
14194
14198
14199
14203
14213
14214
14218
14228
14248
14249
14253
14263
14283
14318
14319
14323
14333
14353
14388
14906
14907
14912
14913
14927
14928
14962
14963
14967
15032
15033
15037
15158
15159
15163
15173
15460
15461
15462
15463
15464
15468
15469
15470
15471
15475
15476
15477
15481
15482
15486
15496
15497
15500
15501
15509
15510
15511
15515
15516
15520
15530
15531
15535
15545
15565
15566
15569
15570
15578
15579
15597
15598
15602
15635
15636
15637
15640
15641
15642
15646
15653
15654
15657
15658
15659
15663
15664
15668
15678
15679
15680
15684
15685
15689
15699
15700
15704
15714
15734
15735
15738
15739
15747
15748
15766
15767
15768
15772
15773
15777
15787
15788
15792
15802
15822
15823
15827
15837
15857
15892
15893
15896
15897
15905
15906
15924
15925
15929
15962
15963
15967
16028
16029
16034
16035
16036
16040
16043
16053
16066
16067
16068
16072
16073
16077
16087
16094
16114
16136
16137
16140
16141
16149
16150
16168
16169
16173
16206
16207
16208
16212
16213
16217
16227
16228
16232
16242
16262
16263
16267
16277
16297
16332
16333
16337
16347
16367
16402
16458
16459
16462
16463
16471
16472
16490
16491
16495
16528
16529
16533
16594
16595
16599
16609
16704
16705
16708
16709
16717
16756
16757
16758
16762
16763
16767
16777
16778
16782
16792
16812
16819
16839
16874
16896
16952
17002
17003
17006
17007
17015
17016
17034
17035
17039
17072
17073
17077
17138
17139
17143
17153
17248
17249
17253
17263
17418
17419
17422
17423
17431
17432
17450
17451
17455
17488
17660
17661
17662
17664
17665
17666
17667
17670
17671
17672
17673
17674
17678
17679
17682
17683
17691
17692
17694
17696
17698
17699
17700
17701
17702
17703
17707
17708
17709
17710
17711
17715
17716
17717
17718
17722
17723
17724
17728
17729
17733
17743
17744
17745
17746
17749
17750
17752
17753
17758
17759
17760
17761
17762
17763
17776
17777
17778
17779
17782
17783
17784
17785
17786
17790
17791
17794
17795
17803
17804
17805
17806
17807
17811
17812
17815
17816
17817
17821
17822
17826
17836
17837
17840
17841
17849
17850
17868
17869
17871
17872
17883
17884
17885
17886
17887
17888
17920
17922
17923
17928
17929
17930
17931
17932
17943
17944
17949
17950
17964
17965
17966
17967
17968
17973
17974
17979
17980
17981
17985
17986
17990
18028
18029
18034
18035
18049
18050
18084
18085
18086
18087
18088
18089
18102
18103
18104
18105
18117
18118
18119
18120
18121
18122
18126
18127
18128
18129
18130
18134
18135
18136
18137
18141
18142
18143
18147
18148
18152
18162
18163
18164
18165
18166
18170
18171
18172
18173
18177
18178
18179
18183
18184
18188
18198
18199
18200
18201
18205
18206
18207
18211
18212
18216
18226
18227
18228
18232
18233
18237
18247
18248
18252
18262
18468
18469
18470
18471
18472
18476
18477
18480
18481
18489
18490
18491
18492
18493
18497
18498
18501
18502
18503
18507
18508
18512
18522
18523
18526
18527
18535
18536
18554
18555
18556
18557
18558
18562
18563
18564
18565
18569
18570
18571
18575
18576
18580
18590
18591
18594
18595
18603
18604
18605
18609
18610
18614
18624
18625
18629
18639
18659
18660
18663
18664
18672
18673
18691
18692
18696
18729
18730
18731
18732
18733
18737
18738
18739
18740
18744
18745
18746
18750
18751
18755
18765
18766
18769
18770
18771
18775
18776
18780
18790
18791
18792
18796
18797
18801
18811
18812
18816
18826
18846
18847
18850
18851
18859
18860
18878
18879
18880
18884
18885
18889
18899
18900
18904
18914
18934
18935
18939
18949
18969
19004
19005
19008
19009
19017
19018
19036
19037
19041
19074
19075
19079
19140
19141
19142
19143
19144
19145
19148
19149
19154
19155
19156
19157
19160
19161
19162
19163
19164
19165
19178
19180
19181
19183
19187
19188
19189
19190
19191
19192
19196
19197
19198
19201
19202
19203
19204
19208
19209
19210
19214
19215
19219
19229
19230
19231
19234
19235
19236
19240
19247
19248
19249
19253
19256
19266
19279
19280
19281
19282
19283
19284
19297
19298
19299
19300
19312
19313
19314
19315
19316
19317
19330
19331
19332
19333
19334
19335
19339
19340
19341
19342
19343
19347
19348
19349
19350
19354
19355
19356
19360
19361
19365
19375
19376
19377
19378
19379
19383
19384
19385
19386
19390
19391
19392
19396
19397
19401
19411
19412
19413
19414
19418
19419
19420
19424
19425
19429
19439
19440
19441
19445
19446
19450
19460
19461
19465
19475
19693
19695
19696
19698
19708
19709
19710
19711
19712
19713
19718
19719
19721
19725
19726
19727
19728
19732
19733
19734
19738
19739
19743
19789
19790
19792
19796
19797
19798
19807
19817
19818
19819
19824
19828
19853
19874
19875
19876
19877
19878
19882
19883
19884
19885
19886
19890
19891
19892
19893
19897
19898
19899
19903
19904
19908
19918
19919
19920
19923
19924
19925
19926
19930
19931
19932
19936
19937
19941
19951
19952
19953
19954
19958
19959
19960
19964
19965
19969
19979
19980
19981
19985
19986
19990
20000
20001
20005
20015
20035
20036
20037
20040
20041
20042
20046
20053
20054
20055
20059
20062
20072
20085
20086
20087
20088
20092
20093
20094
20098
20099
20103
20113
20114
20115
20119
20120
20124
20134
20135
20139
20149
20169
20170
20171
20175
20176
20180
20190
20191
20195
20205
20225
20226
20230
20240
20260
20295
20296
20297
20300
20301
20302
20306
20313
20314
20315
20319
20322
20332
20345
20346
20347
20351
20352
20356
20366
20373
20393
20415
20416
20417
20421
20422
20426
20436
20439
20449
20469
20482
20517
20551
20552
20553
20555
20556
20557
20558
20561
20562
20563
20564
20565
20569
20570
20573
20574
20582
20584
20588
20589
20591
20592
20597
20598
20599
20600
20601
20612
20613
20618
20619
20633
20635
20637
20638
20639
20640
20641
20642
20646
20647
20648
20649
20650
20654
20655
20656
20657
20661
20662
20663
20667
20668
20672
20729
20730
20731
20732
20735
20736
20737
20738
20739
20743
20744
20747
20748
20756
20757
20758
20759
20760
20764
20765
20768
20769
20770
20774
20775
20779
20789
20790
20793
20794
20802
20803
20821
20822
20823
20824
20825
20829
20830
20831
20832
20836
20837
20838
20842
20843
20847
20857
20858
20861
20862
20870
20871
20872
20876
20877
20881
20891
20892
20896
20906
20926
20927
20930
20931
20939
20940
20958
20959
20963
20996
20998
21002
21003
21005
21006
21011
21012
21013
21014
21015
21026
21027
21032
21033
21076
21078
21080
21081
21082
21083
21084
21085
21089
21090
21091
21092
21093
21097
21098
21099
21100
21104
21105
21106
21110
21111
21115
21267
21269
21270
21275
21276
21277
21278
21279
21290
21291
21296
21297
21311
21312
21313
21314
21315
21320
21321
21326
21327
21328
21332
21333
21337
21375
21376
21381
21382
21396
21397
21431
21432
21433
21434
21435
21439
21440
21441
21442
21446
21447
21448
21452
21453
21457
21474
21475
21480
21481
21495
21496
21497
21501
21502
21506
21516
21517
21521
21531
21635
21636
21641
21642
21656
21657
21691
21692
21696
21761
21763
21765
21766
21767
21768
21769
21770
21774
21775
21776
21777
21778
21782
21783
21784
21785
21789
21790
21791
21795
21796
21800
21858
21859
21860
21861
21864
21865
21866
21867
21868
21872
21873
21876
21877
21931
21932
21933
21934
21935
21936
21940
21941
21942
21943
21944
21948
21949
21950
21951
21955
21956
21957
21961
21962
21966
21976
21977
21978
21979
21980
21984
21985
21986
21987
21991
21992
21993
21997
21998
22002
22012
22013
22014
22015
22019
22020
22021
22025
22026
22030
22040
22041
22042
22046
22047
22051
22061
22062
22066
22076
22096
22097
22098
22099
22100
22104
22105
22106
22107
22111
22112
22113
22117
22118
22122
22132
22133
22134
22135
22139
22140
22141
22145
22146
22150
22160
22161
22162
22166
22167
22171
22181
22182
22186
22196
22216
22217
22218
22219
22223
22224
22225
22229
22230
22234
22244
22245
22246
22250
22251
22255
22265
22266
22270
22280
22300
22301
22302
22306
22307
22311
22321
22322
22326
22336
22356
22357
22361
22371
22391
23001
23002
23003
23004
23005
23009
23010
23013
23014
23022
23023
23024
23025
23026
23030
23031
23034
23035
23036
23040
23041
23045
23055
23056
23059
23060
23068
23069
23087
23088
23089
23090
23091
23095
23096
23097
23098
23102
23103
23104
23108
23109
23113
23123
23124
23127
23128
23136
23137
23138
23142
23143
23147
23157
23158
23162
23172
23192
23193
23196
23197
23205
23206
23224
23225
23229
23262
23263
23264
23265
23266
23270
23271
23272
23273
23277
23278
23279
23283
23284
23288
23298
23299
23302
23303
23304
23308
23309
23313
23323
23324
23325
23329
23330
23334
23344
23345
23349
23359
23379
23380
23383
23384
23392
23393
23411
23412
23413
23417
23418
23422
23432
23433
23437
23447
23467
23468
23472
23482
23502
23537
23538
23541
23542
23550
23551
23569
23570
23574
23607
23608
23612
23674
23675
23676
23677
23681
23682
23683
23684
23688
23689
23690
23694
23695
23699
23709
23710
23711
23712
23716
23717
23718
23722
23723
23727
23737
23738
23739
23743
23744
23748
23758
23759
23763
23773
23793
23794
23797
23798
23806
23807
23808
23812
23813
23817
23827
23828
23832
23842
23862
23863
23864
23868
23869
23873
23883
23884
23888
23898
23918
23919
23923
23933
23953
23988
23989
23992
23993
24001
24002
24020
24021
24025
24058
24059
24060
24064
24065
24069
24079
24080
24084
24094
24114
24115
24119
24129
24149
24184
24185
24189
24199
24219
24254
24310
24311
24314
24315
24323
24324
24342
24343
24347
24380
24381
24385
24446
24447
24451
24461
24556
24558
24563
24565
24566
24571
24572
24573
24574
24575
24586
24587
24592
24593
24657
24659
24661
24662
24663
24664
24665
24666
24670
24671
24672
24673
24674
24678
24679
24680
24681
24685
24686
24687
24691
24692
24696
24856
24857
24858
24859
24860
24871
24872
24877
24878
24892
24893
24894
24895
24896
24901
24902
24907
24908
24909
24913
24914
24918
24956
24957
24962
24963
24977
24978
25012
25013
25014
25015
25016
25020
25021
25022
25023
25027
25028
25029
25033
25034
25038
25055
25056
25061
25062
25076
25077
25078
25082
25083
25087
25097
25098
25102
25112
25216
25217
25222
25223
25237
25238
25272
25273
25277
25705
25707
25709
25710
25711
25712
25713
25714
25718
25719
25720
25721
25722
25726
25727
25728
25729
25733
25734
25735
25739
25740
25744
25804
25805
25807
25808
25813
25814
25815
25816
25817
25828
25829
25834
25835
25896
25897
25898
25899
25900
25904
25905
25906
25907
25908
25912
25913
25914
25915
25919
25920
25921
25925
25926
25930
25940
25941
25942
25943
25944
25948
25949
25950
25951
25955
25956
25957
25961
25962
25966
25976
25977
25978
25979
25983
25984
25985
25989
25990
25994
26004
26005
26006
26010
26011
26015
26025
26026
26030
26040
26060
26061
26062
26063
26064
26068
26069
26070
26071
26075
26076
26077
26081
26082
26086
26096
26097
26098
26099
26103
26104
26105
26109
26110
26114
26124
26125
26126
26130
26131
26135
26145
26146
26150
26160
26180
26181
26182
26183
26187
26188
26189
26193
26194
26198
26208
26209
26210
26214
26215
26219
26229
26230
26234
26244
26264
26265
26266
26270
26271
26275
26285
26286
26290
26300
26320
26321
26325
26335
26355
28200
28201
28202
28203
28204
28209
28210
28215
28216
28217
28221
28222
28226
28264
28265
28270
28271
28285
28286
28320
28321
28322
28323
28324
28328
28329
28330
28331
28335
28336
28337
28341
28342
28346
28363
28364
28369
28370
28384
28385
28386
28390
28391
28395
28405
28406
28410
28420
28524
28525
28530
28531
28545
28546
28580
28581
28585
28650
28651
28652
28653
28654
28658
28659
28660
28661
28665
28666
28667
28671
28672
28676
28687
28688
28693
28694
28695
28699
28700
28704
28714
28715
28716
28720
28721
28725
28735
28736
28740
28750
28798
28799
28804
28805
28819
28820
28854
28855
28856
28860
28861
28865
28875
28876
28880
28890
28910
28911
28915
28925
28945
29190
29191
29196
29197
29211
29212
29246
29247
29251
29316
29317
29321
29443
29444
29445
29446
29450
29451
29452
29453
29457
29458
29459
29463
29464
29468
29478
29479
29480
29481
29485
29486
29487
29491
29492
29496
29506
29507
29508
29512
29513
29517
29527
29528
29532
29542
29569
29570
29575
29576
29590
29591
29592
29596
29597
29601
29611
29612
29616
29626
29646
29647
29648
29652
29653
29657
29667
29668
29672
29682
29702
29703
29707
29717
29737
29856
29857
29862
29863
29877
29878
29912
29913
29917
29982
29983
29984
29988
29989
29993
30003
30004
30008
30018
30038
30039
30043
30053
30073
30108
30109
30113
30123
30143
30178
30696
30697
30702
30703
30717
30718
30752
30753
30757
30822
30823
30827
30948
30949
30953
30963
31158
31160
31162
31163
31164
31165
31166
31167
31171
31172
31173
31174
31175
31179
31180
31181
31182
31186
31187
31188
31192
31193
31197
31255
31257
31258
31259
31260
31261
31262
31266
31267
31268
31269
31270
31274
31275
31276
31277
31281
31282
31283
31287
31288
31292
31348
31349
31350
31351
31352
31353
31357
31358
31359
31360
31361
31365
31366
31367
31368
31372
31373
31374
31378
31379
31383
31393
31394
31395
31396
31397
31401
31402
31403
31404
31408
31409
31410
31414
31415
31419
31429
31430
31431
31432
31436
31437
31438
31442
31443
31447
31457
31458
31459
31463
31464
31468
31478
31479
31483
31493
31514
31515
31516
31517
31521
31522
31523
31524
31528
31529
31530
31534
31535
31539
31549
31550
31551
31552
31556
31557
31558
31562
31563
31567
31577
31578
31579
31583
31584
31588
31598
31599
31603
31613
31633
31634
31635
31636
31640
31641
31642
31646
31647
31651
31661
31662
31663
31667
31668
31672
31682
31683
31687
31697
31717
31718
31719
31723
31724
31728
31738
31739
31743
31753
31773
31774
31778
31788
31808
32478
32479
32480
32481
32484
32485
32486
32487
32488
32492
32493
32496
32497
32505
32506
32507
32508
32509
32513
32514
32517
32518
32519
32523
32524
32528
32538
32539
32542
32543
32551
32552
32570
32571
32572
32573
32574
32578
32579
32580
32581
32585
32586
32587
32591
32592
32596
32606
32607
32610
32611
32619
32620
32621
32625
32626
32630
32640
32641
32645
32655
32675
32676
32679
32680
32688
32689
32707
32708
32712
33295
33296
33297
33298
33299
33303
33304
33305
33306
33310
33311
33312
33316
33317
33321
33331
33332
33333
33334
33335
33339
33340
33341
33342
33346
33347
33348
33352
33353
33357
33367
33368
33369
33370
33374
33375
33376
33380
33381
33385
33395
33396
33397
33401
33402
33406
33416
33417
33421
33431
33451
33452
33453
33454
33455
33459
33460
33461
33462
33466
33467
33468
33472
33473
33477
33487
33488
33489
33490
33494
33495
33496
33500
33501
33505
33515
33516
33517
33521
33522
33526
33536
33537
33541
33551
33571
33572
33573
33574
33578
33579
33580
33584
33585
33589
33599
33600
33601
33605
33606
33610
33620
33621
33625
33635
33655
33656
33657
33661
33662
33666
33676
33677
33681
33691
33711
33712
33716
33726
33746
33782
33783
33784
33785
33789
33790
33791
33792
33796
33797
33798
33802
33803
33807
33817
33818
33819
33820
33824
33825
33826
33830
33831
33835
33845
33846
33847
33851
33852
33856
33866
33867
33871
33881
33901
33902
33903
33904
33908
33909
33910
33914
33915
33919
33929
33930
33931
33935
33936
33940
33950
33951
33955
33965
33985
33986
33987
33991
33992
33996
34006
34007
34011
34021
34041
34042
34046
34056
34076
34111
34112
34113
34114
34118
34119
34120
34124
34125
34129
34139
34140
34141
34145
34146
34150
34160
34161
34165
34175
34195
34196
34197
34201
34202
34206
34216
34217
34221
34231
34251
34252
34256
34266
34286
34321
34322
34323
34327
34328
34332
34342
34343
34347
34357
34377
34378
34382
34392
34412
34447
34448
34452
34462
34482
34517
34581
34582
34583
34584
34588
34589
34590
34594
34595
34599
34609
34610
34611
34612
34616
34617
34618
34622
34623
34627
34637
34638
34639
34643
34644
34648
34658
34659
34663
34673
34693
34694
34695
34696
34700
34701
34702
34706
34707
34711
34721
34722
34723
34727
34728
34732
34742
34743
34747
34757
34777
34778
34779
34783
34784
34788
34798
34799
34803
34813
34833
34834
34838
34848
34868
34903
34904
34905
34906
34910
34911
34912
34916
34917
34921
34931
34932
34933
34937
34938
34942
34952
34953
34957
34967
34987
34988
34989
34993
34994
34998
35008
35009
35013
35023
35043
35044
35048
35058
35078
35113
35114
35115
35119
35120
35124
35134
35135
35139
35149
35169
35170
35174
35184
35204
35239
35240
35244
35254
35274
35309
35366
35367
35368
35372
35373
35374
35378
35379
35383
35393
35394
35395
35399
35400
35404
35414
35415
35419
35429
35449
35450
35451
35455
35456
35460
35470
35471
35475
35485
35505
35506
35510
35520
35540
35575
35576
35577
35581
35582
35586
35596
35597
35601
35611
35631
35632
35636
35646
35666
35701
35702
35706
35716
35736
35771
35827
35828
35829
35833
35834
35838
35848
35849
35853
35863
35883
35884
35888
35898
35918
35953
35954
35958
35968
35988
36023
36079
36080
36084
36094
36114
36149
36205
40239
40240
40241
40242
40243
40247
40248
40249
40250
40254
40255
40256
40260
40261
40265
40275
40276
40279
40280
40288
40289
40290
40294
40295
40299
40309
40310
40314
40324
40344
40345
40348
40349
40357
40358
40376
40377
40381
40414
40415
40416
40417
40418
40422
40423
40424
40425
40429
40430
40431
40435
40436
40440
40450
40451
40454
40455
40456
40460
40461
40465
40475
40476
40477
40481
40482
40486
40496
40497
40501
40511
40531
40532
40535
40536
40544
40545
40563
40564
40565
40569
40570
40574
40584
40585
40589
40599
40619
40620
40624
40634
40654
40689
40690
40693
40694
40702
40703
40721
40722
40726
40759
40760
40764
40826
40827
40828
40829
40833
40834
40835
40836
40840
40841
40842
40846
40847
40851
40861
40862
40863
40864
40868
40869
40870
40874
40875
40879
40889
40890
40891
40895
40896
40900
40910
40911
40915
40925
40945
40946
40949
40950
40958
40959
40960
40964
40965
40969
40979
40980
40984
40994
41014
41015
41016
41020
41021
41025
41035
41036
41040
41050
41070
41071
41075
41085
41105
41140
41141
41144
41145
41153
41154
41172
41173
41177
41210
41211
41212
41216
41217
41221
41231
41232
41236
41246
41266
41267
41271
41281
41301
41336
41337
41341
41351
41371
41406
41462
41463
41466
41467
41475
41476
41494
41495
41499
41532
41533
41537
41598
41599
41603
41613
41716
41717
41718
41719
41723
41724
41725
41729
41730
41734
41744
41745
41746
41747
41751
41752
41753
41757
41758
41762
41772
41773
41774
41778
41779
41783
41793
41794
41798
41808
41828
41829
41832
41833
41834
41838
41839
41843
41853
41854
41855
41859
41860
41864
41874
41875
41879
41889
41909
41910
41911
41915
41916
41920
41930
41931
41935
41945
41965
41966
41970
41980
42000
42035
42036
42039
42040
42048
42049
42067
42068
42069
42073
42074
42078
42088
42089
42093
42103
42123
42124
42128
42138
42158
42193
42194
42195
42199
42200
42204
42214
42215
42219
42229
42249
42250
42254
42264
42284
42319
42320
42324
42334
42354
42389
42445
42446
42449
42450
42458
42459
42477
42478
42482
42515
42516
42520
42581
42582
42583
42587
42588
42592
42602
42603
42607
42617
42637
42638
42642
42652
42672
42707
42708
42712
42722
42742
42777
42833
42834
42838
42848
42868
42903
42959
43043
43044
43047
43048
43056
43057
43075
43076
43080
43113
43114
43118
43179
43180
43184
43194
43289
43290
43294
43304
43495
43496
43497
43498
43502
43503
43504
43508
43509
43513
43523
43524
43525
43529
43530
43534
43544
43545
43549
43559
43579
43580
43581
43582
43586
43587
43588
43592
43593
43597
43607
43608
43609
43613
43614
43618
43628
43629
43633
43643
43663
43664
43665
43669
43670
43674
43684
43685
43689
43699
43719
43720
43724
43734
43754
43789
43790
43793
43794
43802
43803
43804
43808
43809
43813
43823
43824
43828
43838
43858
43859
43860
43864
43865
43869
43879
43880
43884
43894
43914
43915
43919
43929
43949
43984
43985
43986
43990
43991
43995
44005
44006
44010
44020
44040
44041
44045
44055
44075
44110
44111
44115
44125
44145
44180
44236
44237
44240
44241
44249
44250
44268
44269
44273
44306
44307
44308
44312
44313
44317
44327
44328
44332
44342
44362
44363
44367
44377
44397
44432
44433
44437
44447
44467
44502
44558
44559
44560
44564
44565
44569
44579
44580
44584
44594
44614
44615
44619
44629
44649
44684
44685
44689
44699
44719
44754
44810
44811
44815
44825
44845
44880
44936
45020
45021
45024
45025
45033
45034
45052
45053
45057
45090
45091
45095
45156
45157
45161
45171
45266
45267
45268
45272
45273
45277
45287
45288
45292
45302
45322
45323
45327
45337
45357
45392
45393
45397
45407
45427
45462
45518
45519
45523
45533
45553
45588
45644
45728
45729
45733
45743
45763
45798
45854
45938
46058
46059
46062
46063
46071
46072
46090
46091
46095
46128
46129
46133
46194
46195
46199
46209
46304
46305
46309
46319
46474
46475
46479
46489
46509
46729
46730
46732
46733
46735
46736
46741
46742
46743
46744
46747
46748
46749
46752
46753
46756
46757
46765
46766
46769
46779
46780
46782
46783
46794
46795
46796
46797
46815
46816
46818
46819
46824
46825
46826
46827
46828
46839
46840
46845
46846
46860
46861
46862
46863
46864
46869
46870
46875
46876
46877
46881
46882
46886
46924
46925
46930
46931
46945
46946
46980
46981
46982
46983
46986
46987
46988
46989
46990
46994
46995
46998
46999
47007
47008
47009
47012
47013
47016
47017
47018
47022
47023
47027
47037
47038
47041
47042
47050
47051
47069
47070
47075
47076
47077
47081
47084
47094
47107
47108
47111
47112
47120
47121
47139
47140
47144
47177
47178
47181
47182
47190
47229
47230
47232
47233
47247
47248
47249
47250
47251
47252
47283
47284
47286
47287
47292
47293
47294
47295
47296
47307
47308
47313
47314
47328
47329
47330
47331
47332
47337
47338
47343
47344
47345
47349
47350
47354
47392
47393
47398
47399
47413
47414
47558
47561
47567
47568
47569
47570
47571
47572
47576
47577
47578
47581
47582
47583
47584
47588
47589
47590
47594
47595
47599
47609
47610
47611
47614
47615
47616
47620
47627
47628
47629
47633
47636
47646
47920
47922
47923
47928
47929
47930
47931
47932
47943
47944
47949
47950
47964
47965
47966
47967
47968
47973
47974
47979
47980
47981
47985
47986
47990
48028
48029
48034
48035
48049
48050
48084
48085
48086
48087
48088
48092
48093
48094
48095
48099
48100
48101
48105
48106
48110
48127
48128
48133
48134
48148
48149
48150
48154
48155
48159
48169
48170
48174
48184
48288
48289
48294
48295
48309
48310
48344
48345
48349
48414
48415
48416
48417
48418
48422
48423
48424
48425
48429
48430
48431
48435
48436
48440
48451
48452
48457
48458
48459
48463
48464
48468
48478
48479
48480
48484
48485
48489
48499
48500
48504
48514
48562
48563
48568
48569
48583
48584
48618
48619
48620
48624
48625
48629
48639
48640
48644
48654
48674
48675
48679
48689
48709
48954
48955
48960
48961
48975
48976
49010
49011
49015
49080
49081
49085
49212
49213
49214
49215
49216
49220
49221
49224
49225
49233
49234
49235
49236
49237
49241
49242
49245
49246
49247
49251
49252
49256
49266
49267
49270
49271
49279
49280
49298
49299
49300
49303
49304
49305
49306
49310
49311
49312
49316
49317
49321
49331
49332
49335
49336
49344
49345
49346
49350
49351
49355
49365
49366
49370
49380
49400
49401
49404
49405
49413
49414
49432
49433
49437
49470
49472
49473
49474
49478
49485
49486
49487
49491
49494
49504
49517
49518
49521
49522
49530
49531
49549
49550
49551
49555
49556
49560
49570
49571
49575
49585
49605
49606
49610
49620
49640
49675
49676
49679
49680
49688
49689
49707
49708
49712
49745
49746
49750
49811
49812
49815
49816
49839
49840
49841
49845
49846
49850
49860
49863
49873
49893
49906
49941
49975
49976
49979
49980
49988
49989
50007
50008
50012
50045
50046
50050
50111
50112
50116
50126
50221
50222
50225
50226
50234
50235
50253
50256
50373
50374
50376
50377
50391
50392
50393
50394
50395
50396
50428
50430
50431
50436
50437
50438
50439
50440
50451
50452
50457
50458
50472
50473
50474
50475
50476
50481
50482
50487
50488
50489
50493
50494
50498
50536
50537
50542
50543
50557
50558
50799
50800
50801
50802
50814
50815
50817
50818
50832
50833
50834
50835
50836
50837
50841
50842
50843
50844
50845
50849
50850
50851
50852
50856
50857
50858
50862
50863
50867
50877
50878
50879
50880
50881
50885
50886
50887
50888
50892
50893
50894
50898
50899
50903
50913
50914
50915
50916
50920
50921
50922
50926
50927
50931
50941
50942
50943
50947
50948
50952
50962
50963
50967
50977
51543
51544
51545
51546
51547
51558
51559
51564
51565
51579
51580
51581
51582
51583
51588
51589
51594
51595
51596
51600
51601
51605
51643
51644
51649
51650
51664
51665
51699
51700
51701
51702
51703
51707
51708
51709
51710
51714
51715
51716
51720
51721
51725
51742
51743
51748
51749
51763
51764
51765
51769
51770
51774
51784
51785
51789
51799
51903
51904
51909
51910
51924
51925
51959
51960
51964
52029
52030
52031
52032
52033
52037
52038
52039
52040
52044
52045
52046
52050
52051
52055
52066
52067
52072
52073
52074
52078
52079
52083
52093
52094
52095
52099
52100
52104
52114
52115
52119
52129
52177
52178
52183
52184
52198
52199
52233
52234
52235
52239
52240
52244
52254
52255
52259
52269
52289
52290
52294
52304
52324
52569
52570
52575
52576
52590
52591
52625
52626
52630
52695
52696
52700
53856
53857
53859
53860
53866
53867
53869
53880
53881
53886
53887
53965
53966
53972
54022
54023
54024
54025
54026
54030
54031
54032
54033
54034
54038
54039
54040
54041
54045
54046
54047
54051
54052
54056
54066
54067
54068
54071
54072
54073
54074
54078
54079
54080
54084
54085
54089
54099
54100
54101
54102
54106
54107
54108
54112
54113
54117
54127
54128
54129
54133
54134
54138
54148
54149
54153
54163
54183
54184
54185
54188
54189
54190
54194
54201
54202
54203
54207
54210
54220
54233
54234
54235
54236
54240
54241
54242
54246
54247
54251
54261
54262
54263
54267
54268
54272
54282
54283
54287
54297
54317
54318
54319
54323
54324
54328
54338
54339
54343
54353
54373
54374
54378
54388
54408
54443
54444
54445
54448
54449
54450
54454
54461
54462
54463
54467
54470
54480
54493
54494
54495
54499
54500
54504
54514
54521
54541
54563
54564
54565
54569
54570
54574
54584
54587
54597
54617
54630
54665
56766
56767
56768
56769
56770
56775
56776
56781
56782
56783
56787
56788
56792
56830
56831
56836
56837
56851
56852
56886
56887
56888
56889
56890
56894
56895
56896
56897
56901
56902
56903
56907
56908
56912
56929
56930
56935
56936
56950
56951
56952
56956
56957
56961
56971
56972
56976
56986
57090
57091
57096
57097
57111
57112
57146
57147
57151
57216
57217
57218
57219
57220
57224
57225
57226
57227
57231
57232
57233
57237
57238
57242
57253
57254
57259
57260
57261
57265
57266
57270
57280
57281
57282
57286
57287
57291
57301
57302
57306
57316
57364
57365
57370
57371
57385
57386
57420
57421
57422
57426
57427
57431
57441
57442
57446
57456
57476
57477
57481
57491
57511
57756
57757
57762
57763
57777
57778
57812
57813
57817
57882
57883
57887
58009
58010
58011
58012
58016
58017
58018
58019
58023
58024
58025
58029
58030
58034
58044
58045
58046
58047
58051
58052
58053
58057
58058
58062
58072
58073
58074
58078
58079
58083
58093
58094
58098
58108
58135
58136
58141
58142
58156
58157
58158
58162
58163
58167
58177
58178
58182
58192
58212
58213
58214
58218
58219
58223
58233
58234
58238
58248
58268
58269
58273
58283
58303
58422
58423
58428
58429
58443
58444
58478
58479
58483
58548
58549
58550
58554
58555
58559
58569
58570
58574
58584
58604
58605
58609
58619
58639
58674
58675
58679
58689
58709
58744
59262
59263
59268
59269
59283
59284
59318
59319
59323
59388
59389
59393
59514
59515
59519
59529
59732
59733
59734
59735
59739
59740
59741
59745
59746
59750
59760
59761
59762
59763
59767
59768
59769
59773
59774
59778
59788
59789
59790
59794
59795
59799
59809
59810
59814
59824
59845
59846
59851
59852
59853
59857
59858
59862
59872
59873
59874
59878
59879
59883
59893
59894
59898
59908
59928
59929
59930
59934
59935
59939
59949
59950
59954
59964
59984
59985
59989
59999
60019
60082
60083
60088
60089
60103
60104
60138
60139
60140
60144
60145
60149
60159
60160
60164
60174
60194
60195
60199
60209
60229
60264
60265
60266
60270
60271
60275
60285
60286
60290
60300
60320
60321
60325
60335
60355
60390
60391
60395
60405
60425
60460
60726
60727
60732
60733
60747
60748
60782
60783
60787
60852
60853
60857
60978
60979
60980
60984
60985
60989
60999
61000
61004
61014
61034
61035
61039
61049
61069
61104
61105
61109
61119
61139
61174
61230
61231
61235
61245
61265
61300
61356
62364
62365
62370
62371
62385
62386
62420
62421
62425
62490
62491
62495
62616
62617
62621
62631
62826
62827
62831
62841
63248
63249
63250
63251
63252
63256
63257
63258
63259
63263
63264
63265
63269
63270
63274
63284
63285
63288
63289
63297
63298
63299
63303
63304
63308
63318
63319
63323
63333
63353
63354
63357
63358
63366
63367
63385
63386
63390
63423
63424
63425
63428
63429
63430
63431
63435
63436
63437
63441
63442
63446
63456
63457
63460
63461
63462
63466
63467
63471
63481
63482
63483
63487
63488
63492
63502
63503
63507
63517
63537
63538
63541
63542
63550
63551
63569
63570
63571
63575
63576
63580
63590
63591
63595
63605
63625
63626
63630
63640
63660
63695
63696
63699
63700
63708
63709
63727
63728
63732
63765
63766
63770
63831
63832
63833
63836
63837
63838
63842
63849
63850
63851
63855
63858
63868
63881
63882
63885
63886
63894
63895
63896
63900
63901
63905
63915
63916
63920
63930
63950
63951
63952
63956
63957
63961
63971
63972
63976
63986
64006
64007
64011
64021
64041
64076
64077
64080
64081
64089
64090
64108
64109
64113
64146
64147
64148
64152
64153
64157
64167
64168
64172
64182
64202
64203
64207
64217
64237
64272
64273
64277
64287
64307
64342
64398
64399
64402
64403
64411
64412
64430
64431
64435
64468
64469
64473
64534
64535
64539
64549
64644
64645
64648
64658
64659
64660
64664
64665
64669
64679
64686
64706
64728
64729
64730
64734
64735
64739
64749
64752
64762
64782
64795
64830
64864
64865
64868
64869
64877
64878
64896
64897
64901
64934
64935
64939
65000
65001
65002
65006
65007
65011
65021
65022
65026
65036
65056
65057
65061
65071
65091
65126
65127
65131
65141
65161
65196
65252
65253
65257
65267
65287
65322
65378
65462
65463
65466
65467
65475
65476
65494
65495
65499
65532
65533
65537
65598
65599
65603
65613
65708
65709
65713
65723
65878
65879
65882
65883
65891
65892
65910
65971
65972
65973
65977
65978
65982
65992
65993
65997
66007
66027
66030
66040
66060
66095
66108
66143
66199
66233
66317
66387
66388
66391
66392
66400
66401
66419
66420
66424
66457
66458
66462
66523
66524
66528
66538
66633
66634
66638
66648
66803
66804
66808
66818
66838
67058
67059
67062
67063
67071
67072
67090
67091
67095
67128
67131
67192
67429
67431
67432
67446
67447
67448
67449
67450
67451
67491
67492
67493
67494
67495
67506
67507
67512
67513
67527
67528
67529
67530
67531
67536
67537
67542
67543
67544
67548
67549
67553
67591
67592
67597
67598
67612
67613
67857
67858
67859
67860
67861
67862
67875
67876
67878
67879
67894
67895
67896
67897
67898
67902
67903
67904
67905
67906
67910
67911
67912
67913
67917
67918
67919
67923
67924
67928
67938
67939
67940
67941
67942
67946
67947
67948
67949
67953
67954
67955
67959
67960
67964
67974
67975
67976
67977
67981
67982
67983
67987
67988
67992
68002
68003
68004
68008
68009
68013
68023
68024
68028
68038
68652
68653
68654
68655
68656
68661
68662
68667
68668
68669
68673
68674
68678
68716
68717
68722
68723
68737
68738
68772
68773
68774
68775
68776
68780
68781
68782
68783
68787
68788
68789
68793
68794
68798
68815
68816
68821
68822
68836
68837
68838
68842
68843
68847
68857
68858
68862
68872
68976
68977
68982
68983
68997
68998
69032
69033
69037
69102
69103
69104
69105
69106
69110
69111
69112
69113
69117
69118
69119
69123
69124
69128
69139
69140
69145
69146
69147
69151
69152
69156
69166
69167
69168
69172
69173
69177
69187
69188
69192
69202
69250
69251
69256
69257
69271
69272
69306
69307
69308
69312
69313
69317
69327
69328
69332
69342
69362
69363
69367
69377
69397
69642
69643
69648
69649
69663
69664
69698
69699
69703
69768
69769
69773
72041
72043
72044
72046
72050
72051
72052
72053
72054
72055
72059
72060
72061
72064
72065
72066
72067
72071
72072
72073
72077
72078
72082
72092
72093
72094
72097
72098
72099
72103
72110
72111
72112
72116
72119
72129
72343
72344
72346
72347
72352
72353
72354
72355
72356
72367
72368
72373
72374
72388
72389
72390
72391
72392
72397
72398
72403
72404
72405
72409
72410
72414
72452
72453
72458
72459
72473
72474
72691
72692
72693
72694
72695
72699
72700
72701
72702
72706
72707
72708
72712
72713
72717
72727
72728
72729
72730
72731
72735
72736
72737
72738
72742
72743
72744
72748
72749
72753
72763
72764
72765
72766
72770
72771
72772
72776
72777
72781
72791
72792
72793
72797
72798
72802
72812
72813
72817
72827
72847
72848
72849
72850
72851
72855
72856
72857
72858
72862
72863
72864
72868
72869
72873
72883
72884
72885
72886
72890
72891
72892
72896
72897
72901
72911
72912
72913
72917
72918
72922
72932
72933
72937
72947
72967
72968
72969
72970
72974
72975
72976
72980
72981
72985
72995
72996
72997
73001
73002
73006
73016
73017
73021
73031
73051
73052
73053
73057
73058
73062
73072
73073
73077
73087
73107
73108
73112
73122
73142
73178
73179
73180
73181
73185
73186
73187
73188
73192
73193
73194
73198
73199
73203
73213
73214
73215
73216
73220
73221
73222
73226
73227
73231
73241
73242
73243
73247
73248
73252
73262
73263
73267
73277
73297
73298
73299
73300
73304
73305
73306
73310
73311
73315
73325
73326
73327
73331
73332
73336
73346
73347
73351
73361
73381
73382
73383
73387
73388
73392
73402
73403
73407
73417
73437
73438
73442
73452
73472
73507
73508
73509
73510
73514
73515
73516
73520
73521
73525
73535
73536
73537
73541
73542
73546
73556
73557
73561
73571
73591
73592
73593
73597
73598
73602
73612
73613
73617
73627
73647
73648
73652
73662
73682
73717
73718
73719
73723
73724
73728
73738
73739
73743
73753
73773
73774
73778
73788
73808
73843
73844
73848
73858
73878
73913
78765
78766
78767
78768
78769
78773
78774
78775
78776
78780
78781
78782
78786
78787
78791
78808
78809
78814
78815
78829
78830
78831
78835
78836
78840
78850
78851
78855
78865
78969
78970
78975
78976
78990
78991
79025
79026
79030
79095
79096
79097
79098
79099
79103
79104
79105
79106
79110
79111
79112
79116
79117
79121
79132
79133
79138
79139
79140
79144
79145
79149
79159
79160
79161
79165
79166
79170
79180
79181
79185
79195
79243
79244
79249
79250
79264
79265
79299
79300
79301
79305
79306
79310
79320
79321
79325
79335
79355
79356
79360
79370
79390
79635
79636
79641
79642
79656
79657
79691
79692
79696
79761
79762
79766
79888
79889
79890
79891
79895
79896
79897
79898
79902
79903
79904
79908
79909
79913
79923
79924
79925
79926
79930
79931
79932
79936
79937
79941
79951
79952
79953
79957
79958
79962
79972
79973
79977
79987
80014
80015
80020
80021
80035
80036
80037
80041
80042
80046
80056
80057
80061
80071
80091
80092
80093
80097
80098
80102
80112
80113
80117
80127
80147
80148
80152
80162
80182
80301
80302
80307
80308
80322
80323
80357
80358
80362
80427
80428
80429
80433
80434
80438
80448
80449
80453
80463
80483
80484
80488
80498
80518
80553
80554
80558
80568
80588
80623
81141
81142
81147
81148
81162
81163
81197
81198
81202
81267
81268
81272
81393
81394
81398
81408
81611
81612
81613
81614
81618
81619
81620
81624
81625
81629
81639
81640
81641
81642
81646
81647
81648
81652
81653
81657
81667
81668
81669
81673
81674
81678
81688
81689
81693
81703
81724
81725
81730
81731
81732
81736
81737
81741
81751
81752
81753
81757
81758
81762
81772
81773
81777
81787
81807
81808
81809
81813
81814
81818
81828
81829
81833
81843
81863
81864
81868
81878
81898
81961
81962
81967
81968
81982
81983
82017
82018
82019
82023
82024
82028
82038
82039
82043
82053
82073
82074
82078
82088
82108
82143
82144
82145
82149
82150
82154
82164
82165
82169
82179
82199
82200
82204
82214
82234
82269
82270
82274
82284
82304
82339
82605
82606
82611
82612
82626
82627
82661
82662
82666
82731
82732
82736
82857
82858
82859
82863
82864
82868
82878
82879
82883
82893
82913
82914
82918
82928
82948
82983
82984
82988
82998
83018
83053
83109
83110
83114
83124
83144
83179
83235
84243
84244
84249
84250
84264
84265
84299
84300
84304
84369
84370
84374
84495
84496
84500
84510
84705
84706
84710
84720
91372
91374
91375
91380
91381
91382
91383
91384
91395
91396
91401
91402
91417
91418
91420
91425
91426
91431
91432
91433
91437
91438
91442
91480
91481
91486
91487
91501
91502
91579
91580
91600
91601
91602
91607
91611
91636
91740
91741
91746
91747
91761
91762
91796
91797
91801
92406
92407
92412
92413
92428
92703
92704
92705
92706
92707
92711
92712
92713
92714
92718
92719
92720
92724
92725
92729
92739
92740
92741
92742
92746
92747
92748
92752
92753
92757
92767
92768
92769
92773
92774
92778
92788
92789
92793
92803
92823
92824
92825
92828
92829
92830
92831
92835
92836
92837
92841
92842
92846
92856
92857
92858
92859
92863
92864
92865
92869
92870
92874
92884
92885
92886
92890
92891
92895
92905
92906
92910
92920
92940
92941
92942
92943
92947
92948
92949
92953
92954
92958
92968
92969
92970
92974
92975
92979
92989
92990
92994
93004
93024
93025
93026
93030
93031
93035
93045
93046
93050
93060
93080
93081
93085
93095
93115
93150
93151
93152
93155
93156
93157
93161
93168
93169
93170
93174
93177
93187
93200
93201
93202
93203
93207
93208
93209
93213
93214
93218
93228
93229
93230
93234
93235
93239
93249
93250
93254
93264
93284
93285
93286
93290
93291
93295
93305
93306
93310
93320
93340
93341
93345
93355
93375
93410
93411
93412
93413
93417
93418
93419
93423
93424
93428
93438
93439
93440
93444
93445
93449
93459
93460
93464
93474
93494
93495
93496
93500
93501
93505
93515
93516
93520
93530
93550
93551
93555
93565
93585
93620
93621
93622
93626
93627
93631
93641
93642
93646
93656
93676
93677
93681
93691
93711
93746
93747
93751
93761
93781
93816
93872
93873
93874
93877
93878
93879
93883
93890
93891
93892
93896
93899
93909
93922
93923
93924
93928
93929
93933
93943
93950
93970
93992
93993
93994
93998
93999
94003
94013
94016
94026
94046
94059
94094
94129
94130
94131
94135
94136
94137
94141
94142
94146
94156
94157
94158
94162
94163
94167
94177
94178
94182
94192
94212
94213
94214
94218
94219
94223
94233
94234
94238
94248
94268
94269
94273
94283
94303
94338
94339
94340
94344
94345
94349
94359
94360
94364
94374
94394
94395
94399
94409
94429
94464
94465
94469
94479
94499
94534
94590
94591
94592
94596
94597
94601
94611
94612
94616
94626
94646
94647
94651
94661
94681
94716
94717
94721
94731
94751
94786
94842
94843
94847
94857
94877
94912
94968
95057
95058
95059
95063
95070
95071
95072
95076
95079
95089
95102
95103
95104
95108
95109
95113
95123
95130
95150
95172
95173
95174
95178
95179
95183
95193
95196
95206
95226
95239
95274
95308
95309
95310
95314
95315
95319
95329
95330
95334
95344
95364
95371
95391
95426
95448
95504
95554
95555
95556
95560
95561
95565
95575
95576
95580
95590
95610
95613
95623
95643
95678
95691
95726
95782
95816
95900
106641
106642
106643
106644
106645
106649
106650
106651
106652
106656
106657
106658
106662
106663
106667
106678
106679
106684
106685
106686
106690
106691
106695
106705
106706
106707
106711
106712
106716
106726
106727
106731
106741
106789
106790
106795
106796
106810
106811
106845
106846
106847
106851
106852
106856
106866
106867
106871
106881
106901
106902
106906
106916
106936
107181
107182
107187
107188
107202
107203
107237
107238
107242
107307
107308
107312
107434
107435
107436
107437
107441
107442
107443
107444
107448
107449
107450
107454
107455
107459
107469
107470
107471
107472
107476
107477
107478
107482
107483
107487
107497
107498
107499
107503
107504
107508
107518
107519
107523
107533
107560
107561
107566
107567
107581
107582
107583
107587
107588
107592
107602
107603
107607
107617
107637
107638
107639
107643
107644
107648
107658
107659
107663
107673
107693
107694
107698
107708
107728
107847
107848
107853
107854
107868
107869
107903
107904
107908
107973
107974
107975
107979
107980
107984
107994
107995
107999
108009
108029
108030
108034
108044
108064
108099
108100
108104
108114
108134
108169
108687
108688
108693
108694
108708
108709
108743
108744
108748
108813
108814
108818
108939
108940
108944
108954
109157
109158
109159
109160
109164
109165
109166
109170
109171
109175
109185
109186
109187
109188
109192
109193
109194
109198
109199
109203
109213
109214
109215
109219
109220
109224
109234
109235
109239
109249
109270
109271
109276
109277
109278
109282
109283
109287
109297
109298
109299
109303
109304
109308
109318
109319
109323
109333
109353
109354
109355
109359
109360
109364
109374
109375
109379
109389
109409
109410
109414
109424
109444
109507
109508
109513
109514
109528
109529
109563
109564
109565
109569
109570
109574
109584
109585
109589
109599
109619
109620
109624
109634
109654
109689
109690
109691
109695
109696
109700
109710
109711
109715
109725
109745
109746
109750
109760
109780
109815
109816
109820
109830
109850
109885
110151
110152
110157
110158
110172
110173
110207
110208
110212
110277
110278
110282
110403
110404
110405
110409
110410
110414
110424
110425
110429
110439
110459
110460
110464
110474
110494
110529
110530
110534
110544
110564
110599
110655
110656
110660
110670
110690
110725
110781
111789
111790
111795
111796
111810
111811
111845
111846
111850
111915
111916
111920
112041
112042
112046
112056
112251
112252
112256
112266
112617
112618
112619
112620
112624
112625
112626
112630
112631
112635
112645
112646
112647
112651
112652
112656
112666
112667
112671
112681
112701
112702
112703
112704
112708
112709
112710
112714
112715
112719
112729
112730
112731
112735
112736
112740
112750
112751
112755
112765
112785
112786
112787
112791
112792
112796
112806
112807
112811
112821
112841
112842
112846
112856
112876
112918
112919
112924
112925
112939
112940
112941
112945
112946
112950
112960
112961
112965
112975
112995
112996
112997
113001
113002
113006
113016
113017
113021
113031
113051
113052
113056
113066
113086
113121
113122
113123
113127
113128
113132
113142
113143
113147
113157
113177
113178
113182
113192
113212
113247
113248
113252
113262
113282
113317
113457
113458
113463
113464
113478
113479
113513
113514
113518
113583
113584
113585
113589
113590
113594
113604
113605
113609
113619
113639
113640
113644
113654
113674
113709
113710
113714
113724
113744
113779
113835
113836
113837
113841
113842
113846
113856
113857
113861
113871
113891
113892
113896
113906
113926
113961
113962
113966
113976
113996
114031
114087
114088
114092
114102
114122
114157
114213
114759
114760
114765
114766
114780
114781
114815
114816
114820
114885
114886
114890
115011
115012
115016
115026
115221
115222
115223
115227
115228
115232
115242
115243
115247
115257
115277
115278
115282
115292
115312
115347
115348
115352
115362
115382
115417
115473
115474
115478
115488
115508
115543
115599
115683
115684
115688
115698
115718
115753
115809
115893
117729
117730
117735
117736
117750
117751
117785
117786
117790
117855
117856
117860
117981
117982
117986
117996
118191
118192
118196
118206
118521
118522
118526
118536
118556
119136
119137
119138
119139
119143
119144
119145
119149
119150
119154
119164
119165
119166
119170
119171
119175
119185
119186
119190
119200
119220
119221
119222
119226
119227
119231
119241
119242
119246
119256
119276
119277
119281
119291
119311
119347
119348
119353
119354
119355
119359
119360
119364
119374
119375
119376
119380
119381
119385
119395
119396
119400
119410
119430
119431
119432
119436
119437
119441
119451
119452
119456
119466
119486
119487
119491
119501
119521
119556
119557
119558
119562
119563
119567
119577
119578
119582
119592
119612
119613
119617
119627
119647
119682
119683
119687
119697
119717
119752
119836
119837
119842
119843
119857
119858
119892
119893
119894
119898
119899
119903
119913
119914
119918
119928
119948
119949
119953
119963
119983
120018
120019
120020
120024
120025
120029
120039
120040
120044
120054
120074
120075
120079
120089
120109
120144
120145
120149
120159
120179
120214
120270
120271
120272
120276
120277
120281
120291
120292
120296
120306
120326
120327
120331
120341
120361
120396
120397
120401
120411
120431
120466
120522
120523
120527
120537
120557
120592
120648
120942
120943
120948
120949
120963
120964
120998
120999
121003
121068
121069
121073
121194
121195
121196
121200
121201
121205
121215
121216
121220
121230
121250
121251
121255
121265
121285
121320
121321
121325
121335
121355
121390
121446
121447
121451
121461
121481
121516
121572
121656
121657
121658
121662
121663
121667
121677
121678
121682
121692
121712
121713
121717
121727
121747
121782
121783
121787
121797
121817
121852
121908
121909
121913
121923
121943
121978
122034
122118
122119
122123
122133
122153
122188
122244
122328
123372
123373
123378
123379
123393
123394
123428
123429
123433
123498
123499
123503
123624
123625
123629
123639
123834
123835
123839
123849
124164
124165
124166
124170
124171
124175
124185
124186
124190
124200
124220
124221
124225
124235
124255
124290
124291
124295
124305
124325
124360
124416
124417
124421
124431
124451
124486
124542
124626
124627
124631
124641
124661
124696
124752
124836
124956
124957
124961
124971
124991
125026
125082
125166
125286
128454
128455
128460
128461
128475
128476
128510
128511
128515
128580
128581
128585
128706
128707
128711
128721
128916
128917
128921
128931
129246
129247
129251
129261
129281
129741
129742
129746
129756
129776
131134
131135
131136
131139
131140
131141
131142
131146
131147
131148
131152
131153
131157
131167
131168
131169
131170
131174
131175
131176
131180
131181
131185
131195
131196
131197
131201
131202
131206
131216
131217
131221
131231
131251
131252
131255
131256
131264
131265
131266
131270
131271
131275
131285
131286
131290
131300
131320
131321
131322
131326
131327
131331
131341
131342
131346
131356
131376
131377
131381
131391
131411
131446
131447
131450
131451
131459
131460
131478
131479
131483
131516
131517
131518
131522
131523
131527
131537
131538
131542
131552
131572
131573
131577
131587
131607
131642
131643
131647
131657
131677
131712
131768
131769
131772
131773
131781
131782
131800
131801
131805
131838
131839
131843
131904
131905
131909
131919
132014
132015
132016
132019
132020
132021
132025
132032
132033
132034
132038
132041
132051
132064
132065
132068
132069
132070
132074
132075
132079
132089
132090
132091
132095
132096
132100
132110
132111
132115
132125
132145
132146
132147
132151
132152
132156
132166
132167
132171
132181
132201
132202
132206
132216
132236
132271
132272
132275
132276
132284
132285
132303
132304
132305
132309
132310
132314
132324
132325
132329
132339
132359
132360
132364
132374
132394
132429
132430
132431
132435
132436
132440
132450
132451
132455
132465
132485
132486
132490
132500
132520
132555
132556
132560
132570
132590
132625
132681
132682
132685
132686
132694
132695
132713
132714
132718
132751
132752
132756
132817
132818
132819
132823
132824
132828
132838
132839
132843
132853
132873
132874
132878
132888
132908
132943
132944
132948
132958
132978
133013
133069
133070
133074
133084
133104
133139
133195
133279
133280
133283
133284
133292
133293
133311
133312
133316
133349
133350
133354
133415
133416
133420
133430
133525
133526
133530
133540
133695
133696
133701
133702
133703
133707
133710
133720
133733
133734
133735
133739
133740
133744
133754
133761
133781
133803
133804
133805
133809
133810
133814
133824
133827
133837
133857
133870
133905
133939
133940
133943
133944
133952
133953
133971
133972
133976
134009
134010
134011
134015
134016
134020
134030
134031
134035
134045
134065
134066
134070
134080
134100
134135
134136
134140
134150
134170
134205
134261
134262
134263
134267
134268
134272
134282
134283
134287
134297
134317
134318
134322
134332
134352
134387
134388
134392
134402
134422
134457
134513
134514
134518
134528
134548
134583
134639
134723
134724
134727
134728
134736
134737
134755
134756
134760
134793
134794
134798
134859
134860
134864
134874
134969
134970
134971
134975
134976
134980
134990
134991
134995
135005
135025
135026
135030
135040
135060
135095
135096
135100
135110
135130
135165
135221
135222
135226
135236
135256
135291
135347
135431
135432
135436
135446
135466
135501
135557
135641
135761
135762
135765
135766
135774
135775
135793
135794
135798
135831
135832
135836
135897
135898
135902
135912
136007
136008
136012
136022
136177
136178
136182
136192
136212
136432
136433
136436
136437
136445
136484
136485
136486
136490
136491
136495
136505
136506
136510
136520
136540
136547
136567
136602
136624
136680
136730
136731
136732
136736
136737
136741
136751
136752
136756
136766
136786
136789
136799
136819
136854
136867
136902
136958
136992
137076
137146
137147
137150
137151
137159
137160
137178
137179
137183
137216
137217
137221
137282
137283
137287
137297
137392
137393
137397
137407
137562
137563
137564
137568
137569
137573
137583
137584
137588
137598
137618
137619
137623
137633
137653
137688
137689
137693
137703
137723
137758
137814
137815
137819
137829
137849
137884
137940
138024
138025
138029
138039
138059
138094
138150
138234
138354
138355
138359
138369
138389
138424
138480
138564
138684
138849
138850
138853
138854
138862
138863
138881
138882
138886
138919
138920
138924
138985
138986
138990
139000
139095
139096
139100
139110
139265
139266
139270
139280
139300
139520
139521
139525
139535
139555
139885
139886
139889
139890
139898
139899
139917
139918
139922
139955
140127
140128
140129
140133
140134
140138
140148
140149
140153
140163
140183
140184
140188
140198
140218
140253
140256
140266
140286
140321
140377
140390
140425
140481
140565
140599
140683
140803
140873
141038
141163
141164
141167
141168
141176
141177
141195
141196
141200
141233
141234
141238
141299
141300
141304
141314
141409
141410
141414
141424
141579
141580
141584
141594
141614
141834
141835
141839
141849
141869
142199
142200
142204
142214
142234
142269
142710
142711
142714
142715
142723
142724
142742
142743
142747
142780
142781
142785
142846
142849
142859
142954
