6722 3 0 0 1 0
6723 3 1 0 0 0
6730 3 0 0 0 2
6768 2 0 0 2 1
6775 2 1 0 1 1
6803 2 0 0 1 3
6822 2 2 0 0 1
6835 2 1 1 0 1
6998 2 1 0 0 3
7215 2 0 0 0 5
8726 1 0 0 4 0
8727 1 1 0 3 0
8734 1 0 0 3 2
8740 1 2 0 2 0
8742 1 1 1 2 0
8780 1 1 0 2 2
8864 1 0 0 2 4
8892 1 3 0 1 0
8894 1 2 1 1 0
8933 1 2 0 1 2
8993 1 1 1 1 2
9533 1 1 0 1 4
10037 1 0 0 1 6
10130 1 4 0 0 0
10132 1 3 1 0 0
10171 1 3 0 0 2
10231 1 2 2 0 0
10270 1 2 1 0 2
10880 1 2 0 0 4
11566 1 1 1 0 4
15284 1 1 0 0 6
17418 1 0 0 0 8
46730 0 0 0 5 1
46737 0 1 0 4 1
46765 0 0 0 4 3
46784 0 2 0 3 1
46797 0 1 1 3 1
46960 0 1 0 3 3
47177 0 0 0 3 5
47234 0 3 0 2 1
47252 0 2 1 2 1
47428 0 2 0 2 3
47646 0 1 1 2 3
49150 0 1 0 2 5
50221 0 0 0 2 7
50378 0 4 0 1 1
50396 0 3 1 1 1
50572 0 3 0 1 3
50802 0 2 2 1 1
50977 0 2 1 1 3
52765 0 2 0 1 5
54665 0 1 1 1 5
63036 0 1 0 1 7
67058 0 0 0 1 9
67433 0 5 0 0 1
67451 0 4 1 0 1
67627 0 4 0 0 3
67862 0 3 2 0 1
68038 0 3 1 0 3
69838 0 3 0 0 5
72129 0 2 2 0 3
73913 0 2 1 0 5
84915 0 2 0 0 7
95900 0 1 1 0 7
130236 0 1 0 0 9
142710 0 0 0 0 11